ncpu        =          1
ndim        =          3
levelmin    =          4
levelmax    =          8
ngridmax    =    3000000
nstep_coarse=          0

boxlen      =  0.500000000000000E+00
time        =  0.000000000000000E+00
aexp        =  0.100000000000000E+01
H0          =  0.100000000000000E+01
omega_m     =  0.100000000000000E+01
omega_l     =  0.000000000000000E+00
omega_k     =  0.000000000000000E+00
omega_b     =  0.450000000000000E-01
unit_l      =  0.100000000000000E+01
unit_d      =  0.100000000000000E+01
unit_t      =  0.100000000000000E+01

ordering type=hilbert                                                                         
   DOMAIN   ind_min                 ind_max
       1   0.000000000000000E+00   0.134217728000000E+09
